0.08997
0.09029
0.08987
0.09087
0.08977
0.08917
0.09062
0.08842
0.08979
0.08892
0.09006
0.08929
0.09138
0.08942
0.08931
0.09043
0.08972
0.09001
0.09175
0.08968
0.08912
0.08987
0.08968
0.09109
0.08998
0.09016
0.0896
0.09049
0.08925
0.09028
0.08983
0.09012
0.09051
0.09068
0.08889
0.09162
0.09039
0.09059
0.0927
0.09074
0.0916
0.09023
0.09082
0.0892
0.09103
0.09077
0.09083
0.09055
0.09054
0.0906
0.09259
0.08991
0.08912
0.09197
0.09061
0.09082
0.09026
0.09112
0.09193
0.09184
0.08995
0.09164
0.09168
0.09089
0.09008
0.09153
0.09061
0.09005
0.09123
0.0905
0.08989
0.09031
0.09137
0.09015
0.09193
0.09023
0.09098
0.09106
0.0916
0.09109
0.09022
0.09188
0.08973
0.09037
0.09056
0.09032
0.09001
0.0902
0.09077
0.08998
0.09121
0.09149
0.08902
0.09017
0.09063
0.09096
0.09679
0.09125
