0.08814
0.08888
0.08833
0.08887
0.09063
0.08944
0.08935
0.09029
0.08866
0.08908
0.09284
0.08977
0.09211
0.09102
0.08908
0.0917
0.09052
0.08877
0.08982
0.09226
0.08937
0.09086
0.09017
0.08943
0.09142
0.08972
0.0891
0.08983
0.0914
0.08957
0.09106
0.09035
0.0899
0.09073
0.09066
0.09007
0.08867
0.0901
0.09104
0.08966
0.09142
0.09013
0.0894
0.09003
0.09003
0.09084
0.08965
0.08882
0.09166
0.08969
0.0892
0.08999
0.09075
0.09027
0.08931
0.09
0.08903
0.09003
0.08874
0.09027
0.09009
0.09022
0.08918
0.09048
0.09229
0.09202
0.08998
0.09024
0.09335
0.08964
0.08907
0.09074
0.08967
0.08947
0.08965
0.09134
0.09013
0.0901
0.0909
0.09051
0.0933
0.09171
0.09261
0.09162
0.09031
0.09049
0.0897
0.09013
0.09362
0.09756
0.09019
0.09406
0.09286
0.09093
0.09141
0.09015
0.09088
0.08985
0.08961
0.09213
0.09007
0.09036
0.09042
0.08988
0.09046
0.09121
0.08974
0.08997
0.09273
0.09044
0.09162
0.08955
0.09135
0.09085
0.09061
0.0895
0.09037
0.09032
0.09051
0.09065
0.09048
0.09116
0.0909
0.09035
0.09039
0.09127
0.092
